0
0.0637795
0.127354
0.190521
0.253076
0.314821
0.375557
0.43509
0.493231
0.549796
0.604605
0.657484
0.708269
0.7568
0.802926
0.846505
0.887404
0.925497
0.960672
0.992824
1.02186
1.04769
1.07026
1.0895
1.10535
1.11779
1.12679
1.13234
1.13443
1.13308
1.12831
1.12015
1.10866
1.09388
1.07588
1.05475
1.03058
1.00346
0.973509
0.940842
0.905589
0.867886
0.827878
0.785717
0.741562
0.695579
0.647937
0.598813
0.548386
0.496841
0.444362
0.39114
0.337363
0.283225
0.228914
0.174623
0.120541
0.0668542
0.0137484
-0.0385952
-0.0899992
-0.140291
-0.189302
-0.236871
-0.282843
-0.327069
-0.369408
-0.409728
-0.447903
-0.483819
-0.517369
-0.548456
-0.576994
-0.602905
-0.626126
-0.646599
-0.66428
-0.679137
-0.691147
-0.700299
-0.706592
-0.710038
-0.710658
-0.708486
-0.703564
-0.695947
-0.685699
-0.672894
-0.657615
-0.639956
-0.620017
-0.59791
-0.573752
-0.547668
-0.519791
-0.49026
-0.45922
-0.42682
-0.393215
-0.358563
-0.323025
-0.286768
-0.249956
-0.212759
-0.175344
-0.13788
-0.100535
-0.0634766
-0.0268686
0.00912673
0.0443505
0.0786478
0.111868
0.143867
0.174503
0.203645
0.231165
0.256944
0.280871
0.302841
0.322761
0.340544
0.356113
0.369403
0.380354
0.388922
0.395067
0.398766
0.4
0.398766
0.395067
0.388922
0.380354
0.369403
0.356113
0.340544
0.322761
0.302841
0.280871
0.256944
0.231165
0.203645
0.174503
0.143867
0.111868
0.0786478
0.0443505
0.00912673
-0.0268686
-0.0634766
-0.100535
-0.13788
-0.175344
-0.212759
-0.249956
-0.286768
-0.323025
-0.358563
-0.393215
-0.42682
-0.45922
-0.49026
-0.519791
-0.547668
-0.573752
-0.59791
-0.620017
-0.639956
-0.657615
-0.672894
-0.685699
-0.695947
-0.703564
-0.708486
-0.710658
-0.710038
-0.706592
-0.700299
-0.691147
-0.679137
-0.66428
-0.646599
-0.626126
-0.602905
-0.576994
-0.548456
-0.517369
-0.483819
-0.447903
-0.409728
-0.369408
-0.327069
-0.282843
-0.236871
-0.189302
-0.140291
-0.0899992
-0.0385952
0.0137484
0.0668542
0.120541
0.174623
0.228914
0.283225
0.337363
0.39114
0.444362
0.496841
0.548386
0.598813
0.647937
0.695579
0.741562
0.785717
0.827878
0.867886
0.905589
0.940842
0.973509
1.00346
1.03058
1.05475
1.07588
1.09388
1.10866
1.12015
1.12831
1.13308
1.13443
1.13234
1.12679
1.11779
1.10535
1.0895
1.07026
1.04769
1.02186
0.992824
0.960672
0.925497
0.887404
0.846505
0.802926
0.7568
0.708269
0.657484
0.604605
0.549796
0.493231
0.43509
0.375557
0.314821
0.253076
0.190521
0.127354
0.0637795
6.36816e-16
-0.0637795
-0.127354
-0.190521
-0.253076
-0.314821
-0.375557
-0.43509
-0.493231
-0.549796
-0.604605
-0.657484
-0.708269
-0.7568
-0.802926
-0.846505
-0.887404
-0.925497
-0.960672
-0.992824
-1.02186
-1.04769
-1.07026
-1.0895
-1.10535
-1.11779
-1.12679
-1.13234
-1.13443
-1.13308
-1.12831
-1.12015
-1.10866
-1.09388
-1.07588
-1.05475
-1.03058
-1.00346
-0.973509
-0.940842
-0.905589
-0.867886
-0.827878
-0.785717
-0.741562
-0.695579
-0.647937
-0.598813
-0.548386
-0.496841
-0.444362
-0.39114
-0.337363
-0.283225
-0.228914
-0.174623
-0.120541
-0.0668542
-0.0137484
0.0385952
0.0899992
0.140291
0.189302
0.236871
0.282843
0.327069
0.369408
0.409728
0.447903
0.483819
0.517369
0.548456
0.576994
0.602905
0.626126
0.646599
0.66428
0.679137
0.691147
0.700299
0.706592
0.710038
0.710658
0.708486
0.703564
0.695947
0.685699
0.672894
0.657615
0.639956
0.620017
0.59791
0.573752
0.547668
0.519791
0.49026
0.45922
0.42682
0.393215
0.358563
0.323025
0.286768
0.249956
0.212759
0.175344
0.13788
0.100535
0.0634766
0.0268686
-0.00912673
-0.0443505
-0.0786478
-0.111868
-0.143867
-0.174503
-0.203645
-0.231165
-0.256944
-0.280871
-0.302841
-0.322761
-0.340544
-0.356113
-0.369403
-0.380354
-0.388922
-0.395067
-0.398766
-0.4
-0.398766
-0.395067
-0.388922
-0.380354
-0.369403
-0.356113
-0.340544
-0.322761
-0.302841
-0.280871
-0.256944
-0.231165
-0.203645
-0.174503
-0.143867
-0.111868
-0.0786478
-0.0443505
-0.00912673
0.0268686
0.0634766
0.100535
0.13788
0.175344
0.212759
0.249956
0.286768
0.323025
0.358563
0.393215
0.42682
0.45922
0.49026
0.519791
0.547668
0.573752
0.59791
0.620017
0.639956
0.657615
0.672894
0.685699
0.695947
0.703564
0.708486
0.710658
0.710038
0.706592
0.700299
0.691147
0.679137
0.66428
0.646599
0.626126
0.602905
0.576994
0.548456
0.517369
0.483819
0.447903
0.409728
0.369408
0.327069
0.282843
0.236871
0.189302
0.140291
0.0899992
0.0385952
-0.0137484
-0.0668542
-0.120541
-0.174623
-0.228914
-0.283225
-0.337363
-0.39114
-0.444362
-0.496841
-0.548386
-0.598813
-0.647937
-0.695579
-0.741562
-0.785717
-0.827878
-0.867886
-0.905589
-0.940842
-0.973509
-1.00346
-1.03058
-1.05475
-1.07588
-1.09388
-1.10866
-1.12015
-1.12831
-1.13308
-1.13443
-1.13234
-1.12679
-1.11779
-1.10535
-1.0895
-1.07026
-1.04769
-1.02186
-0.992824
-0.960672
-0.925497
-0.887404
-0.846505
-0.802926
-0.7568
-0.708269
-0.657484
-0.604605
-0.549796
-0.493231
-0.43509
-0.375557
-0.314821
-0.253076
-0.190521
-0.127354
-0.0637795
-1.27363e-15
0.0637795
0.127354
0.190521
0.253076
0.314821
0.375557
0.43509
0.493231
0.549796
0.604605
0.657484
0.708269
0.7568
0.802926
0.846505
0.887404
0.925497
0.960672
0.992824
1.02186
1.04769
1.07026
1.0895
1.10535
1.11779
1.12679
1.13234
1.13443
1.13308
1.12831
1.12015
1.10866
1.09388
1.07588
1.05475
1.03058
1.00346
0.973509
0.940842
0.905589
0.867886
0.827878
0.785717
0.741562
0.695579
0.647937
0.598813
0.548386
0.496841
0.444362
0.39114
0.337363
0.283225
0.228914
0.174623
0.120541
0.0668542
0.0137484
-0.0385952
-0.0899992
-0.140291
-0.189302
-0.236871
-0.282843
-0.327069
-0.369408
-0.409728
-0.447903
-0.483819
-0.517369
-0.548456
-0.576994
-0.602905
-0.626126
-0.646599
-0.66428
-0.679137
-0.691147
-0.700299
-0.706592
-0.710038
-0.710658
-0.708486
-0.703564
-0.695947
-0.685699
-0.672894
-0.657615
-0.639956
-0.620017
-0.59791
-0.573752
-0.547668
-0.519791
-0.49026
-0.45922
-0.42682
-0.393215
-0.358563
-0.323025
-0.286768
-0.249956
-0.212759
-0.175344
-0.13788
-0.100535
-0.0634766
-0.0268686
0.00912673
0.0443505
0.0786478
0.111868
0.143867
0.174503
0.203645
0.231165
0.256944
0.280871
0.302841
0.322761
0.340544
0.356113
0.369403
0.380354
0.388922
0.395067
0.398766
0.4
0.398766
0.395067
0.388922
0.380354
0.369403
0.356113
0.340544
0.322761
0.302841
0.280871
0.256944
0.231165
0.203645
0.174503
0.143867
0.111868
0.0786478
0.0443505
0.00912673
-0.0268686
-0.0634766
-0.100535
-0.13788
-0.175344
-0.212759
-0.249956
-0.286768
-0.323025
-0.358563
-0.393215
-0.42682
-0.45922
-0.49026
-0.519791
-0.547668
-0.573752
-0.59791
-0.620017
-0.639956
-0.657615
-0.672894
-0.685699
-0.695947
-0.703564
-0.708486
-0.710658
-0.710038
-0.706592
-0.700299
-0.691147
-0.679137
-0.66428
-0.646599
-0.626126
-0.602905
-0.576994
-0.548456
-0.517369
-0.483819
-0.447903
-0.409728
-0.369408
-0.327069
-0.282843
-0.236871
-0.189302
-0.140291
-0.0899992
-0.0385952
0.0137484
0.0668542
0.120541
0.174623
0.228914
0.283225
0.337363
0.39114
0.444362
0.496841
0.548386
0.598813
0.647937
0.695579
0.741562
0.785717
0.827878
0.867886
0.905589
0.940842
0.973509
1.00346
1.03058
1.05475
1.07588
1.09388
1.10866
1.12015
1.12831
1.13308
1.13443
1.13234
1.12679
1.11779
1.10535
1.0895
1.07026
1.04769
1.02186
0.992824
0.960672
0.925497
0.887404
0.846505
0.802926
0.7568
0.708269
0.657484
0.604605
0.549796
0.493231
0.43509
0.375557
0.314821
0.253076
0.190521
0.127354
0.0637795
4.75262e-15
-0.0637795
-0.127354
-0.190521
-0.253076
-0.314821
-0.375557
-0.43509
-0.493231
-0.549796
-0.604605
-0.657484
-0.708269
-0.7568
-0.802926
-0.846505
-0.887404
-0.925497
-0.960672
-0.992824
-1.02186
-1.04769
-1.07026
-1.0895
-1.10535
-1.11779
-1.12679
-1.13234
-1.13443
-1.13308
-1.12831
-1.12015
-1.10866
-1.09388
-1.07588
-1.05475
-1.03058
-1.00346
-0.973509
-0.940842
-0.905589
-0.867886
-0.827878
-0.785717
-0.741562
-0.695579
-0.647937
-0.598813
-0.548386
-0.496841
-0.444362
-0.39114
-0.337363
-0.283225
-0.228914
-0.174623
-0.120541
-0.0668542
-0.0137484
0.0385952
0.0899992
0.140291
0.189302
0.236871
0.282843
0.327069
0.369408
0.409728
0.447903
0.483819
0.517369
0.548456
0.576994
0.602905
0.626126
0.646599
0.66428
0.679137
0.691147
0.700299
0.706592
0.710038
0.710658
0.708486
0.703564
0.695947
0.685699
0.672894
0.657615
0.639956
0.620017
0.59791
0.573752
0.547668
0.519791
0.49026
0.45922
0.42682
0.393215
0.358563
0.323025
0.286768
0.249956
0.212759
0.175344
0.13788
0.100535
0.0634766
0.0268686
-0.00912673
-0.0443505
-0.0786478
-0.111868
-0.143867
-0.174503
-0.203645
-0.231165
-0.256944
-0.280871
-0.302841
-0.322761
-0.340544
-0.356113
-0.369403
-0.380354
-0.388922
-0.395067
-0.398766
-0.4
-0.398766
-0.395067
-0.388922
-0.380354
-0.369403
-0.356113
-0.340544
-0.322761
-0.302841
-0.280871
-0.256944
-0.231165
-0.203645
-0.174503
-0.143867
-0.111868
-0.0786478
-0.0443505
-0.00912673
0.0268686
0.0634766
0.100535
0.13788
0.175344
0.212759
0.249956
0.286768
0.323025
0.358563
0.393215
0.42682
0.45922
0.49026
0.519791
0.547668
0.573752
0.59791
0.620017
0.639956
0.657615
0.672894
0.685699
0.695947
0.703564
0.708486
0.710658
0.710038
0.706592
0.700299
0.691147
0.679137
0.66428
0.646599
0.626126
0.602905
0.576994
0.548456
0.517369
0.483819
0.447903
0.409728
0.369408
0.327069
0.282843
0.236871
0.189302
0.140291
0.0899992
0.0385952
-0.0137484
-0.0668542
-0.120541
-0.174623
-0.228914
-0.283225
-0.337363
-0.39114
-0.444362
-0.496841
-0.548386
-0.598813
-0.647937
-0.695579
-0.741562
-0.785717
-0.827878
-0.867886
-0.905589
-0.940842
-0.973509
-1.00346
-1.03058
-1.05475
-1.07588
-1.09388
-1.10866
-1.12015
-1.12831
-1.13308
-1.13443
-1.13234
-1.12679
-1.11779
-1.10535
-1.0895
-1.07026
-1.04769
-1.02186
-0.992824
-0.960672
-0.925497
-0.887404
-0.846505
-0.802926
-0.7568
-0.708269
-0.657484
-0.604605
-0.549796
-0.493231
-0.43509
-0.375557
-0.314821
-0.253076
-0.190521
-0.127354
-0.0637795
