0.127371
0.107787
0.0872671
0.0659079
0.0437979
0.021041
-0.0022636
-0.0260074
-0.0500817
-0.0743749
-0.0958278
-0.120214
-0.144472
-0.168489
-0.192139
-0.215312
-0.237881
-0.259739
-0.280761
-0.300846
-0.319872
-0.337744
-0.354348
-0.369596
-0.383383
-0.395632
-0.406247
-0.415162
-0.422297
-0.427595
-0.430993
-0.432445
-0.431906
-0.429343
-0.42473
-0.418049
-0.409292
-0.398455
-0.382607
-0.367658
-0.350695
-0.331746
-0.310862
-0.288088
-0.263493
-0.237138
-0.209108
-0.179482
-0.14836
-0.115835
-0.0820235
-0.0470319
-0.0109888
0.0259857
0.0637532
0.102181
0.141124
0.180438
0.219984
0.265455
0.304947
0.344174
0.382981
0.421207
0.458701
0.4953
0.530854
0.565207
0.598213
0.629721
0.659594
0.687687
0.713876
0.738026
0.760024
0.779756
0.800047
0.814909
0.827196
0.836824
0.843724
0.847833
0.849099
0.847479
0.842943
0.835471
0.825051
0.811686
0.795387
0.77618
0.754097
0.729186
0.701501
0.671113
0.638098
0.602548
0.564559
0.524244
0.481718
0.437112
0.390561
0.342213
0.292219
0.240741
0.187945
0.134007
0.0791032
0.0234203
-0.0328547
-0.089529
-0.146408
-0.203295
-0.259991
-0.316297
-0.372013
-0.426943
-0.480887
-0.533654
-0.58505
-0.63489
-0.682988
-0.729169
-0.77326
-0.815096
-0.85452
-0.891381
-0.925538
-0.956859
-0.985223
-1.01051
-1.03264
-1.05149
-1.06701
-1.07911
-1.08775
-1.09288
-1.09448
-1.09252
-1.08699
-1.07792
-1.06531
-1.04921
-1.02966
-1.00672
-0.980458
-0.950966
-0.918334
-0.882676
-0.844106
-0.802759
-0.758772
-0.712294
-0.660553
-0.609605
-0.556682
-0.501974
-0.445667
-0.387963
-0.329063
-0.269175
-0.208509
-0.141399
-0.0798442
-0.0181847
0.0433602
0.104574
0.165236
0.225134
0.284053
0.344731
0.401054
0.455777
0.508697
0.559636
0.608406
0.654845
0.698781
0.74007
0.77856
0.814126
0.846641
0.878943
0.90504
0.927793
0.947126
0.96298
0.975308
0.984077
0.989267
0.99087
0.988896
0.983362
0.974308
0.961775
0.945831
0.926542
0.904003
0.878303
0.849562
0.817893
0.783439
0.746334
0.70674
0.664811
0.620728
0.574661
0.526805
0.477346
0.426491
0.374436
0.321395
0.267577
0.213197
0.158472
0.103616
0.0488499
-0.00561527
-0.0595592
-0.112777
-0.165053
-0.216192
-0.265983
-0.314245
-0.36078
-0.405419
-0.447979
-0.488309
-0.526243
-0.56165
-0.594384
-0.624333
-0.651377
-0.675426
-0.696384
-0.714185
-0.728762
-0.740069
-0.74807
-0.752744
-0.754084
-0.752093
-0.746793
-0.738211
-0.7264
-0.711411
-0.693322
-0.67221
-0.64818
-0.62133
-0.591789
-0.559675
-0.525143
-0.488329
-0.449404
-0.408525
-0.365878
-0.321635
-0.275996
-0.229145
-0.181291
-0.132629
-0.0833716
-0.0307794
0.0249162
0.0746722
0.127096
0.17608
0.224361
0.271728
0.317989
0.362937
0.406391
0.448157
0.488065
0.525935
0.561614
0.594938
0.625774
0.653976
0.679431
0.702017
0.721641
0.738206
0.751644
0.761881
0.768874
0.772579
0.772974
0.770045
0.763794
0.754238
0.741401
0.725329
0.706072
0.683701
0.658291
0.62994
0.598744
0.564827
0.528306
0.489328
0.448028
0.404573
0.359118
0.311846
0.262926
0.212556
0.160919
0.108222
0.0546597
0.000445325
-0.0542173
-0.109113
-0.164033
-0.218762
-0.273089
-0.326804
-0.379696
-0.431561
-0.482196
-0.531405
-0.578992
-0.624776
-0.668572
-0.710214
-0.749531
-0.786376
-0.820595
-0.85206
-0.880637
-0.906219
-0.928697
-0.947984
-0.963996
-0.976671
-0.985948
-0.991791
-0.994166
-0.993062
-0.988472
-0.980408
-0.968894
-0.953964
-0.935669
-0.914069
-0.889239
-0.861261
-0.830238
-0.796273
-0.759489
-0.720013
-0.677982
-0.630615
-0.583945
-0.535198
-0.481604
-0.429243
-0.375358
-0.320139
-0.263782
-0.206485
-0.148451
-0.0898845
-0.0309907
0.0280237
0.086952
0.151471
0.20959
0.266991
0.323474
0.378845
0.432916
0.485501
0.536423
0.585511
0.632599
0.677532
0.720162
0.760351
0.800914
0.835834
0.867946
0.89715
0.923359
0.946497
0.966498
0.98331
0.99689
1.00721
1.01425
1.01801
1.0185
1.01572
1.00971
1.00052
0.988191
0.97279
0.954391
0.933079
0.908948
0.882102
0.852655
0.820727
0.78645
0.749957
0.711398
0.670918
0.628677
0.584834
0.539557
0.493012
0.445377
0.396822
0.347529
0.297671
0.247429
0.196982
0.146505
0.0961757
0.0461657
-0.00335268
-0.0522151
-0.100255
-0.14732
-0.19325
-0.237905
-0.281139
-0.322823
-0.362824
-0.401031
-0.437324
-0.471611
-0.503787
-0.533777
-0.561496
-0.586887
-0.609885
-0.630451
-0.648539
-0.664129
-0.677199
-0.687743
-0.695762
-0.701267
-0.704279
-0.704829
-0.702955
-0.698704
-0.68919
-0.680375
-0.669394
-0.656318
-0.641243
-0.624252
-0.605456
-0.584947
-0.562847
-0.539259
-0.514312
-0.488119
-0.460815
-0.432519
-0.403368
-0.373486
-0.343013
-0.312075
-0.280808
-0.249342
-0.211923
-0.180462
-0.149209
-0.11829
-0.0878202
-0.0579211
-0.0286987
-0.000267734
0.0272779
0.0538317
0.0793126
0.103624
0.126699
0.148453
0.168831
0.187764
0.205211
0.221115
0.235452
0.24818
0.259287
0.268748
0.276565
0.282729
0.287253
0.293094
0.294374
0.294065
0.292201
0.288825
0.283979
0.277722
0.270104
0.261198
0.251061
0.239779
0.227415
0.214062
0.199793
0.184707
0.16888
0.152417
0.1354
0.117935
0.100106
0.082019
0.0637621
0.0454381
0.0271356
0.00895323
-0.00902057
-0.0266937
-0.0439791
-0.0607926
-0.0741077
-0.0897358
-0.104658
-0.118808
-0.132114
-0.144521
-0.155963
-0.166397
-0.175766
-0.184039
-0.191166
-0.19713
-0.201892
-0.205445
-0.207762
-0.208847
-0.208684
-0.207288
-0.204657
-0.197866
-0.192831
-0.186638
-0.179312
-0.170889
-0.161407
-0.150909
-0.139444
-0.12706
-0.113816
-0.0997652
-0.0849756
-0.0695037
-0.0534255
-0.0368005
-0.01971
-0.00221664
0.0155953
0.0336608
0.0518943
0.070229
0.0885799
0.106879
0.125045
0.143009
0.160692
0.178027
0.194942
0.211371
0.227259
0.248388
0.262947
0.276751
0.289749
0.301887
0.313123
0.323409
0.332712
0.340992
0.348224
0.354375
0.359431
0.363366
0.366176
0.367843
0.36837
0.36775
0.365994
0.363105
0.359099
0.353989
0.347799
0.34055
0.332273
0.322997
0.312757
0.301592
0.289542
0.27665
0.262963
0.248529
0.233399
0.217625
0.201261
0.184364
0.166988
0.152139
0.133973
0.115497
0.0967682
0.0778485
0.0587939
0.0396665
0.0205212
0.00141844
-0.0175881
-0.036441
-0.0550885
-0.0734768
-0.0915566
-0.109279
-0.126597
-0.143467
-0.159847
-0.175697
-0.19098
-0.205662
-0.21971
-0.233096
-0.245792
-0.257777
-0.269028
-0.279529
-0.286317
-0.295282
-0.303473
-0.310881
-0.317506
-0.323342
-0.328393
-0.33266
-0.336151
-0.338872
-0.340835
-0.342051
-0.342535
-0.342302
-0.34137
-0.339759
-0.337489
-0.334583
-0.331063
-0.326955
-0.322282
-0.317073
-0.311352
-0.305149
-0.298488
-0.291401
-0.283912
-0.276054
-0.26785
-0.259333
-0.250525
-0.241458
-0.232155
-0.222646
-0.212952
-0.203102
-0.193117
-0.183022
-0.172838
-0.156703
-0.146422
-0.136135
-0.125861
-0.115616
-0.105417
-0.0952758
-0.0852101
-0.0752273
-0.0653444
-0.055565
-0.0459055
-0.0363662
-0.0269623
-0.0176916
-0.00856793
0.000412682
0.00923849
0.0179142
0.0264304
0.0377344
0.0459316
0.0539674
0.0618375
0.0695451
0.0770885
0.0844691
0.0916879
0.0987444
0.105642
0.112378
0.118957
0.125375
0.131639
0.137741
0.14369
0.149476
0.155109
0.160577
0.16589
0.171035
0.17602
0.180833
0.185482
0.189952
0.19425
0.198362
0.203769
0.208974
0.212507
0.215829
0.218936
0.221822
0.224481
0.229854
0.232031
0.233952
0.235605
0.236991
0.238095
0.238923
0.239457
0.239704
0.239648
0.239296
0.238633
0.237667
0.236385
0.234793
0.232882
0.230659
0.228116
0.22526
0.222087
0.218603
0.214808
0.210707
0.206303
0.201602
0.196611
0.191332
0.185779
0.179953
0.173871
0.167534
0.160961
0.154153
0.147132
0.1399
0.132481
0.124876
0.117111
0.109187
0.101132
0.092947
0.0846602
0.0762749
0.0678168
0.0592919
0.0507236
0.0421205
0.0335027
0.030767
0.0221507
0.0135407
0.00494852
-0.00360751
-0.0121198
-0.0205678
-0.0289475
-0.0372371
-0.0454353
-0.05352
-0.0614923
-0.0693305
-0.0770374
-0.0845926
-0.092
-0.0992411
-0.10632
-0.113222
-0.11995
-0.126492
-0.132852
-0.13902
-0.145
-0.150785
-0.156377
-0.161775
-0.166978
-0.171988
-0.176804
-0.181429
-0.185862
-0.190109
-0.194166
-0.198043
-0.201734
-0.20525
-0.208584
-0.211748
-0.214735
-0.217556
-0.220203
-0.222687
-0.225001
-0.227153
-0.22619
-0.228018
-0.229691
-0.231212
-0.232576
-0.233782
-0.234826
-0.235704
-0.236412
-0.236943
-0.237294
-0.237454
-0.237419
-0.237178
-0.233779
-0.233106
-0.232212
-0.231081
-0.229708
-0.228074
-0.226176
-0.223994
-0.221523
-0.218744
-0.215651
-0.212224
-0.208459
-0.204337
-0.199852
-0.194989
-0.189739
-0.184091
-0.178036
-0.171567
-0.164674
-0.157354
-0.149598
-0.141405
-0.13277
-0.123695
-0.114176
-0.104219
-0.0938249
-0.0829963
-0.0688116
-0.0571552
-0.0450979
-0.0326562
-0.0198422
-0.0066752
0.00682729
0.020643
0.0347495
0.0491212
0.063731
0.0785498
0.0935464
0.108688
0.129822
0.145126
0.160443
0.175735
0.190961
0.206078
0.221045
0.235817
0.250349
0.264596
0.278513
0.292052
0.30517
0.317817
0.32995
0.341523
0.35249
0.362807
0.372432
0.381322
0.389438
0.396739
0.403189
0.408753
0.413398
0.417093
0.419809
0.421522
0.422208
0.421848
0.420425
0.417926
0.414341
0.409664
0.403891
0.399971
0.392008
0.382952
0.372811
0.361607
0.349354
0.336082
0.321814
0.306587
0.290432
0.273393
0.25551
0.236832
0.217407
0.197292
0.17654
0.155213
0.133374
0.111087
0.0884201
0.0654419
0.042227
0.0188446
-0.00462542
-0.028113
-0.0515348
-0.0748205
-0.0978846
-0.120658
-0.143054
-0.165005
-0.186426
-0.207252
-0.227401
-0.246809
-0.262453
-0.280174
-0.296956
-0.312744
-0.327476
-0.341101
-0.353567
-0.364827
-0.37484
-0.383567
-0.390976
-0.397036
-0.401728
-0.405029
-0.406931
-0.40742
-0.406501
-0.404169
-0.400443
-0.395326
-0.388848
-0.381025
-0.371898
-0.361493
-0.34986
-0.337038
-0.323086
-0.308053
-0.292007
-0.275007
-0.257128
-0.238441
-0.213138
-0.193085
-0.172487
-0.151432
-0.130007
-0.108307
-0.0864177
-0.06444
-0.0424601
-0.0205822
0.00110897
0.0225077
0.0435316
0.0640757
0.0840613
0.103386
0.121976
0.139734
0.15659
0.172456
0.187268
0.200946
0.213433
0.224662
0.234583
0.243141
0.251771
0.258948
0.263162
0.265864
0.267027
0.266645
0.264704
0.261215
0.256174
0.249607
0.241525
0.231967
0.220957
0.20855
0.194781
0.179719
0.163414
0.145943
