0.0500001
0.049895
0.0493329
0.0471893
0.0443005
0.0408092
0.0368799
0.0326916
0.028429
0.024275
0.0204016
0.0169634
0.0140891
0.0118778
0.0103926
0.00966076
0.00966831
0.0103677
0.0116714
0.0134674
0.0156113
0.0179488
0.0205304
0.0227268
0.0245952
0.0259882
0.0267723
0.0268481
0.0261441
0.0246286
0.0223058
0.0192194
0.015449
0.0111079
0.00633714
0.00130016
-0.00382498
-0.00885338
-0.0136014
-0.0178956
-0.0215793
-0.0245215
-0.0258115
-0.0265939
-0.0264546
-0.0253995
-0.0238773
-0.0215758
-0.0186153
-0.0151415
-0.0113239
-0.0071145
-0.00316473
0.000572882
0.00392479
0.00674465
0.00890422
0.0103157
0.010918
0.0106977
0.00966996
0.00789895
0.00547125
0.00251635
-0.000824134
-0.00437933
-0.00797961
-0.0114438
-0.0146063
-0.0173086
-0.0194203
-0.0208345
-0.0214805
-0.0213225
-0.0203633
-0.0186447
-0.0162434
-0.0132709
-0.0098647
-0.00618595
-0.00121782
0.00246665
0.00587464
0.00883675
0.011205
0.0131072
0.0139432
0.013907
0.0129802
0.0111813
0.00856811
0.00523486
0.00130541
-0.00306656
-0.00771332
-0.0124484
-0.0170903
-0.0214526
-0.0253723
-0.0286956
-0.0313077
-0.0331135
-0.0340667
-0.0341474
-0.0333861
-0.0318396
-0.0296104
-0.0268199
-0.0236242
-0.0200149
-0.0164636
-0.0130911
-0.0100141
-0.00738293
-0.00533106
-0.00395788
-0.00312738
-0.00307721
-0.00400591
-0.00566254
-0.00796605
-0.0108012
-0.0134204
-0.0168754
-0.0203849
-0.0237666
-0.0268442
-0.0294494
-0.0306276
-0.0318765
-0.032298
-0.0318355
-0.0304734
-0.028232
-0.0251737
-0.0213916
-0.0170159
-0.0121957
-0.00710666
-0.00170172
0.00336633
0.00814966
0.0124783
0.0162116
0.0192297
0.021451
0.0232739
0.0237953
0.0234915
0.0224293
0.020709
0.0184598
0.015834
0.0129988
0.0101302
0.007402
0.0049816
0.00301652
0.00163485
0.00189242
0.00192449
0.00271359
0.00424908
0.00647608
0.00930926
0.0126269
0.0162841
0.0201134
0.0241629
0.0277864
0.0310303
0.0337292
0.0357353
0.036931
0.0372271
0.0365754
0.034961
0.0324151
0.029253
0.0250723
0.0202535
0.0149598
0.00936101
0.0036489
-0.001994
-0.00738033
-0.0123473
-0.0167438
-0.0204556
-0.0233931
-0.025101
-0.0263874
-0.0268724
-0.0266164
-0.0257197
-0.0243036
-0.0225189
-0.0202963
-0.0182706
-0.0163809
-0.0147882
-0.0136287
-0.013021
-0.0130469
-0.0137599
-0.0151705
-0.0172562
-0.0199513
-0.0231616
-0.0267546
-0.0305806
-0.0344625
-0.0382218
-0.0408586
-0.0438184
-0.0453223
-0.0468298
-0.0474197
-0.0470126
-0.0455578
-0.0430517
-0.0395242
-0.0350497
-0.0297333
-0.0237154
-0.0171581
-0.0101868
-0.00294203
0.00409373
0.0109033
0.0173161
0.0231803
0.028377
0.0328148
0.0364454
0.0392515
0.0412612
0.0425316
0.0441209
0.0442171
0.0439263
0.0434028
0.0428099
0.0423066
0.0420433
0.0421515
0.0427389
0.043883
0.0456267
0.0479771
0.0509016
0.0543341
0.05817
0.0622807
0.0665065
0.0706789
0.0748356
0.0783358
0.0812246
0.0833474
0.0845614
0.0847637
0.0838767
0.0822788
0.0791498
0.0749481
0.0697558
0.0636957
0.0575236
0.0502022
0.0425286
0.0349603
0.0271896
0.0196664
0.012569
0.00605464
0.000250348
-0.00475023
-0.00889046
-0.0121528
-0.014558
-0.016163
-0.0170588
-0.017362
-0.017214
-0.0165392
-0.0159631
-0.0154143
-0.0150431
-0.0149754
-0.0153197
-0.0161473
-0.0175035
-0.0193895
-0.0217787
-0.0245988
-0.0277565
-0.0311179
-0.0337308
-0.0370435
-0.0400829
-0.0426718
-0.0446516
-0.0458723
-0.0462147
-0.045585
-0.0439279
-0.0412252
-0.0374996
-0.0328145
-0.0272712
-0.0210065
-0.0141867
-0.00700195
0.000569739
0.00785231
0.0148576
0.022343
0.028194
0.0332116
0.0372671
0.0402655
0.0421524
0.0429119
0.0425687
0.0411852
0.0388562
0.0357076
0.0318832
0.0275467
0.0228617
0.0179983
0.0131081
0.00833518
0.00379017
-0.000434529
-0.00388045
-0.00734488
-0.0104401
-0.0132106
-0.0157436
-0.0181416
-0.0205395
-0.0230751
-0.0256794
-0.0289568
-0.0328207
-0.0373869
-0.0427516
-0.048976
-0.056088
-0.0636284
-0.0724402
-0.0819855
-0.0921348
-0.102727
-0.11357
-0.124455
-0.135155
-0.145441
-0.155085
-0.163872
-0.171607
-0.178123
-0.18303
-0.186739
-0.18894
-0.18962
-0.188805
-0.18656
-0.182988
-0.178219
-0.172409
-0.165499
-0.158134
-0.150258
-0.142044
-0.133638
-0.125171
-0.116742
-0.10842
-0.100237
-0.0921949
-0.0842582
-0.0755571
-0.067622
-0.0587383
-0.0503826
-0.0412486
-0.0317689
-0.0219362
-0.0116872
-0.000988004
0.0101675
0.0217518
0.0337123
0.0468524
0.0592829
0.0717768
0.0841994
0.096408
0.108257
0.119604
0.130517
0.14046
0.149529
0.15764
0.164724
0.170732
0.175643
0.179488
0.182508
0.184176
0.184842
0.184573
0.183444
0.18154
0.179402
0.176213
0.172526
0.168431
0.164017
0.159369
0.154561
0.149665
0.144741
0.13984
0.135007
0.130275
0.125673
0.121218
0.116921
0.112789
0.10882
0.10501
0.10135
0.0978288
0.0944313
0.0911433
0.087949
0.0848314
0.0817769
0.0787699
0.0759415
0.07299
0.0700509
0.0671168
0.064181
0.0612404
0.0582946
0.0553423
0.0523857
0.0494284
0.0464738
0.043529
0.0405996
0.0376922
0.0348161
0.0319782
0.0291863
0.0264497
0.0237747
0.0211704
0.0186429
0.0161995
0.0138459
0.0115878
0.00942973
0.00737643
0.00543023
0.003595
0.00187196
0.000262496
-0.00112875
-0.00251099
-0.0037803
-0.00493697
-0.00598262
-0.0069193
-0.00774975
-0.00847649
-0.00910266
-0.00963187
-0.0100672
-0.0104129
-0.010673
-0.0108514
-0.010952
-0.0114269
-0.0118716
-0.0123086
-0.0127371
-0.0131573
-0.0135683
-0.0139704
-0.0143627
-0.0147454
-0.0151179
-0.0154803
-0.0158319
-0.016173
-0.0165029
-0.0168218
-0.0171292
-0.0174254
-0.0177097
-0.0179826
-0.0182434
-0.0184925
-0.0187294
-0.0189546
-0.0191675
-0.0193685
-0.0195573
-0.0197343
-0.019899
-0.0200521
-0.0201931
-0.0203226
-0.0204402
-0.0205466
-0.0206413
-0.0207251
-0.0207975
-0.0208595
-0.0209104
-0.0209513
-0.0209816
-0.0210023
-0.021013
-0.0210146
-0.0210067
-0.0209903
-0.0209651
-0.0209319
-0.0208905
-0.0208419
-0.0207857
-0.020723
-0.0206533
-0.0205779
-0.0204963
-0.0204097
-0.0203176
-0.0202212
-0.0201201
-0.0200156
-0.0198301
-0.019719
-0.0196049
-0.0194889
-0.0193708
-0.0192515
-0.0191308
-0.0190097
-0.018888
-0.0187666
-0.0186452
-0.0185249
-0.0184054
-0.0182003
-0.018084
-0.0179702
-0.0178585
-0.0177498
-0.017644
-0.0175417
-0.0174428
-0.017348
-0.017257
-0.0171706
-0.0170886
-0.0170115
-0.0169392
-0.0168722
-0.0168104
-0.0167541
-0.0167033
-0.0166584
-0.0166191
-0.0165859
-0.0165585
-0.0165373
-0.0165221
-0.016513
-0.0164166
-0.01642
-0.0164294
-0.0164451
-0.0164668
-0.0164947
-0.0165284
-0.0165682
-0.0166137
-0.016665
-0.0167217
-0.016784
-0.0168514
-0.0169241
-0.0170016
-0.017084
-0.0171708
-0.0172622
-0.0173574
-0.0174569
-0.0175598
-0.0176664
-0.0177759
-0.0178887
-0.0180038
-0.0181217
-0.0182414
-0.0183632
-0.0184864
-0.0186112
-0.0187366
-0.0188631
-0.0189898
-0.0191169
-0.0192436
-0.0193701
-0.0194956
-0.0196204
-0.0197437
-0.0198655
-0.0199854
-0.0201033
-0.0202187
-0.0203316
-0.0204415
-0.0205483
-0.0206516
-0.0207514
-0.0208473
-0.0209392
-0.0210268
-0.0211098
-0.0211883
-0.0212619
-0.0213306
-0.021394
-0.0214522
-0.0215049
-0.0214726
-0.0215141
-0.0215502
-0.0215804
-0.021605
-0.0216235
-0.0216364
-0.0216431
-0.0216441
-0.021639
-0.0216281
-0.0216112
-0.0215886
-0.02156
-0.0215258
-0.0214858
-0.0214404
-0.0213893
-0.0213331
-0.0212713
-0.0212048
-0.021133
-0.0210566
-0.0209754
-0.02089
-0.0208001
-0.0207063
-0.0206085
-0.0205072
-0.0204023
-0.0202944
-0.0201834
-0.0200698
-0.0199536
-0.0198353
-0.019715
-0.0195931
-0.0194697
-0.0193451
-0.0192197
-0.0190936
-0.0189672
-0.0188407
-0.0187144
-0.0185885
-0.0184634
-0.0183392
-0.0182164
-0.0180949
-0.0179753
-0.0177806
-0.0176653
-0.0175524
-0.0174426
-0.0173356
-0.017232
-0.0171317
-0.0170352
-0.0169422
-0.0168535
-0.0167687
-0.0166883
-0.0166121
-0.0165406
-0.0164735
-0.0164114
-0.0163537
-0.0163011
-0.0162532
-0.0162103
-0.0161722
-0.0161392
-0.0161108
-0.0160875
-0.0160688
-0.0160551
-0.0160458
-0.0160412
-0.016041
-0.0160451
-0.0159807
-0.0159689
-0.015985
-0.0160048
-0.0160281
-0.0160546
-0.0160841
-0.0161163
-0.016151
-0.0161879
-0.0162267
-0.0162671
-0.0163087
-0.0163513
-0.0163944
-0.0164378
-0.0164811
-0.0165239
-0.0165658
-0.0166064
-0.0166454
-0.0166822
-0.0167166
-0.0167481
-0.0167763
-0.0168007
-0.016821
-0.0168366
-0.0168472
-0.0168523
-0.0168516
-0.0168445
-0.0168307
-0.0168097
-0.0167811
-0.0167444
-0.0166995
-0.0166456
-0.0165826
-0.0165099
-0.0164273
-0.0163342
-0.0161433
-0.0160286
-0.0159027
-0.0157651
-0.0156157
-0.0154539
-0.0152798
-0.0150928
-0.014893
-0.0146799
-0.0144534
-0.0142133
-0.0139595
-0.0136917
-0.01341
-0.013114
-0.012804
-0.0124796
-0.012141
-0.0117879
-0.0114207
-0.0110391
-0.0106434
-0.0102334
-0.00980956
-0.0093716
-0.00886627
-0.00834733
-0.00786896
-0.0073772
-0.00687285
-0.00635563
-0.00582641
-0.00528493
-0.00470141
-0.00407612
-0.00347078
-0.00288514
-0.00228983
-0.00168466
-0.00107077
-0.000448017
0.000182463
0.000820705
0.0014656
0.00211709
0.00277408
0.00343643
0.00410331
0.00485332
0.00552695
0.00620315
0.00688097
0.00755995
0.00823918
0.00891814
0.00959592
0.010272
0.0109454
0.0116156
0.0122818
0.0129432
0.0135991
0.0142487
0.0148913
0.0155262
0.0161526
0.0167698
0.017377
0.0179735
0.0185587
0.0191317
0.019692
0.0202388
0.0208292
0.0213663
0.0219619
0.0224479
0.0229169
0.0233685
0.023802
0.024217
0.0246128
0.0249889
0.0253449
0.0256804
0.0259948
0.0262878
0.0265589
0.0268079
0.0270343
0.027238
0.0274185
0.0275758
0.0277094
0.0278194
0.0279053
0.0279675
0.0280054
0.0280193
0.0280089
0.0279745
0.0279158
0.0278332
0.0277266
0.0275963
0.0274423
0.027265
0.0270643
0.026841
0.0265948
0.0263266
0.0260363
0.0257247
0.0253918
0.0250385
0.0246649
0.0242718
0.0238595
0.0234288
0.0229801
0.0225142
0.0220316
0.0215331
0.0210193
0.0204909
0.0199487
0.0193935
0.0188259
0.0182468
0.0176571
0.0170575
0.0164489
0.015832
0.0152079
0.0145773
0.0139412
0.0133003
0.0126559
0.0120083
0.011359
0.0107084
0.010058
0.00940797
0.00875994
0.00811418
0.0074722
0.00683427
0.0062019
0.00557534
0.00495609
0.00434436
0.00374166
0.00314813
0.00256527
0.00199322
0.00143339
0.000885915
0.000352144
-0.000167782
-0.00067262
-0.00116222
-0.00163543
-0.00209211
-0.00253122
-0.00295259
-0.00335532
-0.00373923
-0.00410354
-0.00444807
-0.00477216
-0.00507563
-0.00535797
-0.00561896
-0.00585826
-0.00607564
-0.0062709
-0.0064438
-0.00659428
-0.00672212
-0.00682738
-0.00690985
-0.00696974
-0.00700683
-0.00702147
-0.00701345
-0.00698324
-0.00693068
-0.00685632
-0.00676006
-0.00664252
-0.00650368
-0.00634422
-0.00616417
-0.00596429
-0.00574469
-0.00550616
-0.00524889
-0.00497371
-0.0046809
-0.00437133
-0.00404532
-0.0037038
-0.00334716
-0.00295445
-0.00250456
-0.00210736
-0.00169802
-0.00127753
-0.000846461
-0.000405807
4.37872e-05
0.000501333
0.000966138
0.00143721
0.00191382
0.00239498
0.00287991
0.00336765
0.00393693
0.00442769
0.00499545
0.00548535
0.0059734
0.00645877
0.00694051
0.00741786
0.00788984
0.00835573
0.00881454
0.00926562
0.00970797
0.010141
0.0105637
0.0109756
0.0113756
0.0117633
0.0121377
0.0124985
0.0128446
0.0131758
0.0134911
0.0137904
0.0140726
0.0143376
0.0145846
0.0148135
0.0150234
0.0152145
0.0153858
0.0155374
0.0156688
0.0157799
0.0158702
0.0159399
0.0159883
0.0160159
0.016022
0.0160071
